Year,Make,Model,Trim,engineOptions,transmissionOptions,drivetrainOptions,fuelType,bodyStyle,cylinders,displacement,mpg_city,mpg_highway,mpg_combined,exteriorColors,Packages,packageDetails,Options,optionDetails,engineDisplay,forcedInduction
2026,Chevrolet,Suburban,2WD,6.2L V8 (SIDI),Automatic 10-spd,Rear-Wheel Drive,Premium Gasoline,Standard Sport Utility Vehicle 2WD,8,6.2,15,19,16,,,,,,6.2L V8,
2026,Chevrolet,Suburban,2WD,5.3L V8 (SIDI),Automatic 10-spd,Rear-Wheel Drive,Regular Gasoline,Standard Sport Utility Vehicle 2WD,8,5.3,15,20,17,,,,,,5.3L V8,
2026,Chevrolet,Suburban,2WD,Diesel 3.0L V6 Diesel,Automatic 10-spd,Rear-Wheel Drive,Diesel,Standard Sport Utility Vehicle 2WD,6,3.0,21,26,23,,,,,,3.0L V6,
2026,Chevrolet,Suburban,4WD,6.2L V8 (SIDI),Automatic 10-spd,Four-Wheel Drive,Premium Gasoline,Standard Sport Utility Vehicle 4WD,8,6.2,14,18,16,,,,,,6.2L V8,
2026,Chevrolet,Suburban,4WD,5.3L V8 (SIDI),Automatic 10-spd,Four-Wheel Drive,Regular Gasoline,Standard Sport Utility Vehicle 4WD,8,5.3,14,19,16,,,,,,5.3L V8,
2026,Chevrolet,Suburban,4WD,Diesel 3.0L V6 Diesel,Automatic 10-spd,Four-Wheel Drive,Diesel,Standard Sport Utility Vehicle 4WD,6,3.0,20,24,22,,,,,,3.0L V6,
