Year,Make,Model,Trim,engineOptions,engineDisplay,forcedInduction,transmissionOptions,drivetrainOptions,fuelType,bodyStyle,cylinders,displacement,mpg_city,mpg_highway,mpg_combined,exteriorColors,Packages,packageDetails,Options,optionDetails
2021,GMC,Sierra Limited,Chevrolet Silverado LD/GMC Sierra Limited (2019),"For the battery electric model, see Chevrolet Silverado EV.",,,Transmission,"Forward Collision Alert, Automatic Emergency Braking, and Front Pedestrian Braking options were now available on Silverado WT and Custom trim levels as part of the Safety Confidence Package. Crew Cab Standard Box Sierra 1500 models were now only available in four-wheel drive.",,,,,,,,"For the battery electric model, see Chevrolet Silverado EV.","Standard and ""Custom"" trims are still called Silverado.","Standard and ""Custom"" trims are still called Silverado.",,
,,,Wheelbase,"Front-engine, rear-wheel-drive",,,speed 6L80 automatic,"in (2,134 mm) Regular Cab 165 in (4,191 mm) (standard 4WD) Yes Yes No Yes",,,,,,,,"For Chevrolet Silverado and GMC Sierra models produced before 1999, see Chevrolet C/K.","GM has now dropped the GMT900 platform, becoming ""K2XX."" This generation of the","GM has now dropped the GMT900 platform, becoming ""K2XX."" This generation of the Silverado/Sierra 1500 has three all-new gasoline engine options: a 4.3 L EcoTec3 V6, a 5.3 L EcoTec3 V8, and a 6.2 L EcoTec3 V8, all featuring cylinder deactivation and aluminum blocks, while dropping the 4.8 L V8 from the last generation.",,
,,,Custom Sport HD Edition,Engine,,,speed 8L90 automatic,"a b ""Chevy Trucks 4x4 Work Trucks - Diesel Trucks"". Chevrolet.",,,,,,,,Silverado 2500HD High Country,"The third-generation Silverado introduced the all-new upmarket top-of-the-line ""","The third-generation Silverado introduced the all-new upmarket top-of-the-line ""High Country"" trim level which includes saddle brown leather interior, which is Chevrolet's very first entry into the luxury truck market since the 1955–1959 Task-Force 3100 ""Cameo Carrier."" A fully-squared front fascia takes retro-modern styling cues from the GMT400 and 1981–1987 Square-Body trucks, and on Z71 models, a Z71 badge was added to the bottom right place of the grille.",,
,,,"Sales to customers began in August 2018 as an early 2019 model year vehicle with a base price of $32,200 MSRP.",LV3 EcoTec3 4.3 L V6 285 hp (213 kW; 289 PS),,,speed Allison 1000 automatic,,,,,,,,,Predecessor,"On the 1500 models, the 4.3 L V6 was standard on trims up to LT and SLE, and fle","On the 1500 models, the 4.3 L V6 was standard on trims up to LT and SLE, and flex-fuel capability was included.",,
,,,Trims,L83 EcoTec3 5.3 L V8 355 hp (265 kW; 360 PS) (365 hp (272 kW; 370 PS) for Sierra All Terrain X),,,speed MYC 6L80 Automatic (2019–2021),,,,,,,,,"International D series/International TerraStar (for International CV, Chevrolet Kodiak/GMC TopKick (for Silverado Medium Duty)","The 5.3 L V8 was available on all trims and standard on LTZ, High Country, SLT,","The 5.3 L V8 was available on all trims and standard on LTZ, High Country, SLT, and Denali (these four trims also offered the 6.2 L V8 as an option), as well as all 2016–2018 Crew Cab models with the 6.5' bed.",,
,,,"As of 2019, the Silverado 1500 was planned to be available in eight distinct trim levels: WT, Custom, Custom Trail Boss, LT, RST, LT Trail Boss, LTZ, and High Country.",L8B EcoTec3 5.3 L V8 355 hp (265 kW; 360 PS),,,speed 6L90 automatic (2020-2023),,,,,,,,,First-generation Silverado / second-generation Sierra (GMT800; 1999),Only 2500HD and 3500HD models equipped with 6.6L Duramax diesel option were avai,Only 2500HD and 3500HD models equipped with 6.6L Duramax diesel option were available.,,
,,,"was the final model year for 1500 Double Cab models in LTZ, SLT, and AT4 trims.",LY6 Vortec 6000 6.0 L V8 360 hp (268 kW; 365 PS),,,speed Allison 10L1000 MGM/MGU automatic,,,,,,,,,First-generation Chevrolet Silverado 2500HD (2001–02 Regular Cab),The Driver Assist Package was standard equipment on the GMC Sierra 2500HD/3500HD,"The Driver Assist Package was standard equipment on the GMC Sierra 2500HD/3500HD Denali, and optional on most other Chevrolet Silverado and GMC Sierra 2500HD/3500HD models.",,
,,,"Chevrolet also introduced a new trim level to this series, the ZR2, which slotted between High Country and LTZ. GMC models receive a similar, though more upscale model known as AT4X.",L5P Duramax 6.6 L V8 (2017-20) 445 hp (332 kW; 451 PS),,,Transmission 6-speed Allison A1700/A2700 automatic,,,,,,,,,The new Silverado earned the North American Truck of the Year award for 2007 and was Motor Trend magazine's Truck of the Year for 2007.,"Silverado 1500 LTZ and High Country, as well as Sierra 1500 SLT and Denali model","Silverado 1500 LTZ and High Country, as well as Sierra 1500 SLT and Denali models equipped with LED headlights, can be optioned with the Intellibeam high beam assist system.",,
,,,Chevrolet Silverado 1500 LTZ Premium & ZR2 variants (2025),Battery 0.45 kWh lithium-ion (eAssist mild hybrid),,,speed 4L80-E automatic,,,,,,,,,Third-generation Silverado / fourth-generation Sierra (GMT K2XX; 2014),"On October 1, 2015, HD Radio was added to the Silverado and Sierra to their 8-in","On October 1, 2015, HD Radio was added to the Silverado and Sierra to their 8-inch MyLink system as standard equipment on the LT and LTZ trims, while the Sierra included the feature in its IntelliLink system as standard on all its trims.",,
,,,Available wheelbase and cab-to-axle dimensions,eAssist Mild Hybrid,,,speed Allison 1000 automatic,,,,,,,,,Silverado LTZ Crew Cab 4×4,2016 Silverado and Sierra models optioned with the 8-inch touch screen featured,2016 Silverado and Sierra models optioned with the 8-inch touch screen featured Apple CarPlay and Android Auto capability.,,
,,,Cab-to-axle Body Wheelbase Overhang,"A 6.0L gasoline V8 engine was standard, with the 6.6L Duramax turbo-diesel delivering 445 horsepower (332 kW; 451 PS) and 910 lb⋅ft (1,234 N⋅m; 126 kg⋅m) of torque being optional.",,,,,,,,,,,,Chevrolet Silverado LD/GMC Sierra Limited (2019),Trucks ordered with bucket seats and center console now featured a wireless char,"Trucks ordered with bucket seats and center console now featured a wireless charging pad on the console lid. New color options for the Silverado included Iridescent Pearl Tricoat (1500 only), Autumn Bronze Metallic, ‘’Iridescent Pearl Tricoat’’’ (only on High Country), Siren Red Tintcoat, and Red Hot, while the Sierra's new colors included White Frost Tricoat (also 1500 only), Mahogany Metallic, Crimson Red Tintcoat, and Cardinal Red.",,
,,,– Pickuptrucks.com Best Half-Ton Truck (2019 GMC Sierra 1500 SLT Crew Cab),,,,,,,,,,,,,"A blue 2014 Silverado LTZ Crew Cab 4×4 similar to Steve McGarrett's truck from Hawaii Five-0; in the ""Kupu-eu"" episode",The Sierra HD now included standard HID headlamps on all trim levels.,The Sierra HD now included standard HID headlamps on all trim levels.,,
,,,Motorsport,,,,,,,,,,,,,Silverado LTZ Double Cab 4×4,Low-speed mitigation braking is added to the Driver Alert Package for both Silve,Low-speed mitigation braking is added to the Driver Alert Package for both Silverado and Sierra. All Silverado and Sierra models received minor changes to their MyLink (Chevrolet) and IntelliLink (GMC) infotainment systems.,,
,,,,,,,,,,,,,,,,Black Out Edition,"The 5.3L EcoTec3 V8 was the only engine option, and the SSV was based on the WT","The 5.3L EcoTec3 V8 was the only engine option, and the SSV was based on the WT trim.",,
,,,,,,,,,,,,,,,,Chevrolet Silverado LTZ Z71,"A 6.0L gasoline V8 engine was standard, with the 6.6L Duramax turbo-diesel deliv","A 6.0L gasoline V8 engine was standard, with the 6.6L Duramax turbo-diesel delivering 445 horsepower (332 kW; 451 PS) and 910 lb⋅ft (1,234 N⋅m; 126 kg⋅m) of torque being optional.",,
,,,,,,,,,,,,,,,,Chevrolet Silverado LT rear,"The Sierra HD All Terrain X also included the Z71 off-road suspension package, a","The Sierra HD All Terrain X also included the Z71 off-road suspension package, adding front underbody and transfer case skid plates, twin-tube Rancho shocks, hill descent control, and off-road information graphics in the Driver Information Center.",,
,,,,,,,,,,,,,,,,Blackout Edition,An Eaton automatically locking rear differential (4.10:1) was also standard.,An Eaton automatically locking rear differential (4.10:1) was also standard. 2017 Special Edition Chevrolet There were several additions to this year's Special Editions for the Silverado series shown in boldface.,,
,,,,,,,,,,,,,,,,Silverado SSV,New for 2017 was the High Desert option package (with a plastic roll-bar inspire,New for 2017 was the High Desert option package (with a plastic roll-bar inspired by the Avalanche sport utility truck).,,
,,,,,,,,,,,,,,,,,This package brought a new innovative lockable storage system into the bed of th,This package brought a new innovative lockable storage system into the bed of the Silverado 1500 Crew Cab model.,,
,,,,,,,,,,,,,,,,,The High Desert package was available on both two-wheel-drive and four-wheel-dri,"The High Desert package was available on both two-wheel-drive and four-wheel-drive LT, LTZ, and High Country trim levels.",,
,,,,,,,,,,,,,,,,,It was not available on LTZ models with the Z71 off-road package.,It was not available on LTZ models with the Z71 off-road package.,,
,,,,,,,,,,,,,,,,,LT models with the High Desert package receive the same LED taillamps as the LTZ,LT models with the High Desert package receive the same LED taillamps as the LTZ and High Country trims.,,
,,,,,,,,,,,,,,,,,Magnetic Ride Control was optional on High Country High Desert.,Magnetic Ride Control was optional on High Country High Desert.,,
,,,,,,,,,,,,,,,,,"In 2021, GMC expanded the range of trim levels that receive the signature MultiP","In 2021, GMC expanded the range of trim levels that receive the signature MultiPro tailgate as an optional upgrade.",,
,,,,,,,,,,,,,,,,,2021 GMC Sierra 1500 Configurations Select up to 3 trims below to compare some k,2021 GMC Sierra 1500 Configurations Select up to 3 trims below to compare some key specs and options for the 2021 GMC Sierra 1500.,,
,,,,,,,,,,,,,,,,,"Free GM RPO Decoder — type any GM RPO code (like G80, Z71, Z55) to instantly see","Free GM RPO Decoder — type any GM RPO code (like G80, Z71, Z55) to instantly see factory options for Chevy, GMC, Cadillac, and Hummer.",,
